
train_acc =

    0.9059
    0.9228
    0.9259
    0.9275
    0.9282
    0.9267
    0.9221
    0.9190
    0.9136
    0.9113


test_acc =

    0.8935
    0.9097
    0.9167
    0.9051
    0.9120
    0.9051
    0.8981
    0.8935
    0.8958
    0.8912


train_acc =

    0.6635
    0.6560
    0.6710
    0.6767
    0.6767
    0.6754
    0.6742
    0.6642
    0.6704
    0.6773


test_acc =

    0.6635
    0.6560
    0.6710
    0.6767
    0.6767
    0.6754
    0.6742
    0.6642
    0.6704
    0.6773

26.05.21

train_acc =

    0.9059
    0.9228
    0.9259
    0.9275
    0.9282
    0.9267
    0.9221
    0.9190
    0.9136
    0.9113


test_acc =

    0.8935
    0.9097
    0.9167
    0.9051
    0.9120
    0.9051
    0.8981
    0.8935
    0.8958
    0.8912


train_acc =

    0.6635
    0.6560
    0.6710
    0.6767
    0.6767
    0.6754
    0.6742
    0.6642
    0.6704
    0.6773


test_acc =

    0.6635
    0.6560
    0.6710
    0.6767
    0.6767
    0.6754
    0.6742
    0.6642
    0.6704
    0.6773

27.5.21

train_acc =

    0.9059
    0.9228
    0.9259
    0.9275
    0.9282
    0.9267
    0.9221
    0.9190
    0.9136
    0.9113


test_acc =

    0.8935
    0.9097
    0.9167
    0.9051
    0.9120
    0.9051
    0.8981
    0.8935
    0.8958
    0.8912


train_acc =

    0.9287
    0.9363
    0.9444
    0.9463
    0.9456
    0.9450
    0.9481
    0.9481
    0.9481
    0.9500


test_acc =

    0.9287
    0.9363
    0.9444
    0.9463
    0.9456
    0.9450
    0.9481
    0.9481
    0.9481
    0.9500

OL
train_acc =

    0.9700
    0.9700
    0.9800
    0.9800
    0.9800
    0.9800
    0.9800
    0.9900
    0.9900
    0.9900


test_acc =

    0.2112
    0.2263
    0.2737
    0.2950
    0.3069
    0.3306
    0.3500
    0.3706
    0.3731
    0.3781

09.06.2021
plant_margin
train_acc =

    1.0000
    0.9900
    0.9800
    0.9800
    0.9800
    0.9800
    0.9800
    0.9800
    0.9800
    0.9800


test_acc =

    0.7000
    0.7456
    0.7606
    0.7600
    0.7519
    0.7481
    0.7431
    0.7369
    0.7388
    0.7350

11.06.21
waveform 100bs

train_acc =

    0.8300
    0.8100
    0.8100
    0.8100
    0.8300
    0.8400
    0.8400
    0.8400
    0.8400
    0.8400


test_acc =

    0.8446
    0.8500
    0.8562
    0.8600
    0.8604
    0.8614
    0.8644
    0.8638
    0.8636
    0.8646

iris 10bs
train_acc =

     1
     1
     1
     1
     1
     1
     1
     1
     1
     1


test_acc =

    0.3333
    0.6333
    0.6200
    0.6667
    0.7267
    0.7000
    0.6667
    0.6867
    0.6933
    0.7133

iris 30bs
train_acc =

     1
     1
     1
     1
     1
     1
     1
     1
     1
     1


test_acc =

    0.4067
    0.5267
    0.5467
    0.6867
    0.7200
    0.7533
    0.7667
    0.7600
    0.7667
    0.7867

seeds 30bs